main
(1, 1)---SA---

value =

     3


nodes =

    72    16   116


t =

    2.8838

---ILS---

value =

     6


nodes =

   101    44    27     8     1    55


t =

    0.2420

(1, 2)---SA---

value =

     4


nodes =

    25    38    17    51


t =

    2.6700

---ILS---

value =

     6


nodes =

    55    44    27     8     1   101


t =

    0.1741

(1, 3)---SA---

value =

     5


nodes =

    25    51    42    67    37


t =

    2.6769

---ILS---

value =

     6


nodes =

   101    44    27     8     1    55


t =

    0.1499

(1, 4)---SA---

value =

     3


nodes =

    43    17    22


t =

    2.6997

---ILS---

value =

     6


nodes =

   121    59    26     4     2    20


t =

    0.1615

(1, 5)---SA---

value =

     3


nodes =

    11    58    49


t =

    2.7395

---ILS---

value =

     6


nodes =

   121    59    26     4     2    20


t =

    0.1586

(1, 6)---SA---

value =

     3


nodes =

     3   110    77


t =

    2.8110

---ILS---

value =

     6


nodes =

   101    44    27     8     1    55


t =

    0.1499

(1, 7)---SA---

value =

     3


nodes =

    73    31    55


t =

    2.6148

---ILS---

value =

     6


nodes =

   114    84    55    27     1    30


t =

    0.1552

(1, 8)---SA---

value =

     5


nodes =

    99    74    98    90    27


t =

    2.7004

---ILS---

value =

     6


nodes =

   114    84    55    27     1    30


t =

    0.1560

(1, 9)---SA---

value =

     4


nodes =

    81   110    91    42


t =

    2.6223

---ILS---

value =

     6


nodes =

   114    55    30    27     1    84


t =

    0.1564

(1, 10)---SA---

value =

     4


nodes =

   119     3    45    46


t =

    2.6752

---ILS---

value =

     6


nodes =

   121    59    26     4     2    20


t =

    0.1590

(2, 1)---SA---

value =

     5


nodes =

   132   119   178   110    51


t =

    7.0169

---ILS---

value =

     8


nodes =

   147    88    83    20    12    10     1   126


t =

    2.3199

(2, 2)---SA---

value =

     3


nodes =

    55   183    67


t =

    6.8346

---ILS---

value =

     8


nodes =

   147   126    83    20    12    10     1    88


t =

    2.3124

(2, 3)---SA---

value =

     4


nodes =

    11   133   168   195


t =

    6.7584

---ILS---

value =

     8


nodes =

   147    88    83    20    12    10     1   126


t =

    2.3539

(2, 4)---SA---

value =

     4


nodes =

    55    10   186    28


t =

    7.3392

---ILS---

value =

     8


nodes =

   147    88    83    20    12    10     1   126


t =

    2.3291

(2, 5)---SA---

value =

     6


nodes =

   157    92    27    67    25    70


t =

    6.9622

---ILS---

value =

     8


nodes =

   147   126    83    20    12    10     1    88


t =

    2.2889

(2, 6)---SA---

value =

     4


nodes =

    18   167   175    88


t =

    6.9504

---ILS---

value =

     8


nodes =

   147    88    83    20    12    10     1   126


t =

    2.8471

(2, 7)---SA---

value =

     4


nodes =

   109   151    59    35


t =

    7.0755

---ILS---

value =

     8


nodes =

   147    88    83    20    12    10     1   126


t =

    2.3132

(2, 8)---SA---

value =

     5


nodes =

     5    22   178   145   195


t =

    7.0426

---ILS---

value =

     8


nodes =

   147   126    83    20    12    10     1    88


t =

    2.3363

(2, 9)---SA---

value =

     4


nodes =

    39    31   131   186


t =

    6.9643

---ILS---

value =

     8


nodes =

   147    88    83    20    12    10     1   126


t =

    2.8854

(2, 10)---SA---

value =

     5


nodes =

   134   139   128   118   170


t =

    7.0246

---ILS---

value =

     8


nodes =

   147   126    83    20    12    10     1    88


t =

    2.3500

(3, 1)---SA---

value =

    22


nodes =

  Columns 1 through 18

    13    17     9    21     1     3    10    22     2    18    24    14    20    16    23     5    19    27

  Columns 19 through 22

    15     6    26    11


t =

    1.1380

---ILS---

value =

    22


nodes =

  Columns 1 through 18

    26    24    23    22    20    19    18    17    16    15    14    13    12    11     9     8     6     5

  Columns 19 through 22

     3     2     1     4


t =

    0.6645

(3, 2)---SA---

value =

    22


nodes =

  Columns 1 through 18

    22     6     4    21     9    24    20    27    13    26    23    25    14     3    15    18     2     5

  Columns 19 through 22

    17    11    16     1


t =

    1.1307

---ILS---

value =

    22


nodes =

  Columns 1 through 18

    26    24    23    22    20    19    18    17    16    15    14    13    11     9     8     6     5     4

  Columns 19 through 22

     3     2     1    21


t =

    0.6720

(3, 3)---SA---

value =

    22


nodes =

  Columns 1 through 18

    14     2    24     9     6    11    16    18    17    15    19    21     8    26     1     5    20     3

  Columns 19 through 22

    23    22    13    10


t =

    1.1271

---ILS---

value =

    22


nodes =

  Columns 1 through 18

    24    23    22    20    19    18    17    16    15    14    13    12    11     9     8     6     5     4

  Columns 19 through 22

     3     2     1    26


t =

    0.6580

(3, 4)---SA---

value =

    22


nodes =

  Columns 1 through 18

    11     5    27    14     9     1    23    10    16    21     3    20    25    13     6    15    18     2

  Columns 19 through 22

    22    26     7    24


t =

    1.0877

---ILS---

value =

    22


nodes =

  Columns 1 through 18

    26    24    23    22    20    19    18    17    16    15    14    12    11     9     8     6     5     4

  Columns 19 through 22

     3     2     1    13


t =

    0.6546

(3, 5)---SA---

value =

    22


nodes =

  Columns 1 through 18

    15    13     2    18     1    26    20     3    11     8    14    17    25     4    16     6    21    24

  Columns 19 through 22

    22     9     5    23


t =

    1.1119

---ILS---

value =

    22


nodes =

  Columns 1 through 18

    26    24    23    22    20    19    18    17    16    15    14    13    11     9     8     6     5     4

  Columns 19 through 22

     3     2     1    21


t =

    0.6541

(3, 6)---SA---

value =

    22


nodes =

  Columns 1 through 18

    16     9    25    11     5     3     7    26    22    14     6    24    10    23     1    21    13    27

  Columns 19 through 22

     2    18    15    20


t =

    1.1260

---ILS---

value =

    22


nodes =

  Columns 1 through 18

    26    24    23    22    19    18    17    16    15    14    13    12    11     9     8     6     5     4

  Columns 19 through 22

     3     2     1    20


t =

    0.6457

(3, 7)---SA---

value =

    22


nodes =

  Columns 1 through 18

     7    21    15     3    19    23     8     9    18     6    16    14    24     2    13     5    20    26

  Columns 19 through 22

     1    10    11    22


t =

    1.1217

---ILS---

value =

    22


nodes =

  Columns 1 through 18

    26    24    23    22    20    19    18    17    16    15    14    13    12    11     9     8     6     5

  Columns 19 through 22

     4     2     1     3


t =

    0.6517

(3, 8)---SA---

value =

    22


nodes =

  Columns 1 through 18

    24    16    20    23     3     9     6     2    12    14    11    15     5    25    18    13    22     1

  Columns 19 through 22

     4    27    17    26


t =

    1.1277

---ILS---

value =

    22


nodes =

  Columns 1 through 18

    26    24    23    22    20    19    18    17    16    15    14    13    12    11     9     8     6     5

  Columns 19 through 22

     4     2     1     3


t =

    0.6575

(3, 9)---SA---

value =

    22


nodes =

  Columns 1 through 18

    25    13    20    23    16    14    22    18     6    26     2    11     9     1    27     4    21     3

  Columns 19 through 22

    17    24     5    15


t =

    1.1600

---ILS---

value =

    22


nodes =

