main
(1, 1)---SA---

value =

     3


nodes =

     5     2     1


t =

    0.4858

---ILS---

value =

     3


nodes =

     5     1     2


t =

    0.0010

(1, 2)---SA---

value =

     3


nodes =

     2     1     5


t =

    0.4625

---ILS---

value =

     3


nodes =

     5     2     1


t =

   6.2000e-04

(1, 3)---SA---

value =

     3


nodes =

     2     5     1


t =

    0.4634

---ILS---

value =

     3


nodes =

     2     1     5


t =

    0.0022

(1, 4)---SA---

value =

     3


nodes =

     5     2     1


t =

    0.4629

---ILS---

value =

     3


nodes =

     5     1     2


t =

   6.6400e-04

(1, 5)---SA---

value =

     3


nodes =

     5     1     2


t =

    0.4644

---ILS---

value =

     3


nodes =

     5     2     1


t =

    0.0014

(1, 6)---SA---

value =

     3


nodes =

     2     1     5


t =

    0.4640

---ILS---

value =

     3


nodes =

     5     1     2


t =

   4.3500e-04

(1, 7)---SA---

value =

     3


nodes =

     2     5     1


t =

    0.4619

---ILS---

value =

     3


nodes =

     2     1     5


t =

   4.8400e-04

(1, 8)---SA---

value =

     3


nodes =

     2     5     1


t =

    0.4643

---ILS---

value =

     3


nodes =

     5     1     2


t =

   3.3700e-04

(1, 9)---SA---

value =

     3


nodes =

     1     5     2


t =

    0.4620

---ILS---

value =

     3


nodes =

     5     1     2


t =

   3.5800e-04

(1, 10)---SA---

value =

     3


nodes =

     1     5     2


t =

    0.4615

---ILS---

value =

     3


nodes =

     2     1     5


t =

   5.1700e-04

(2, 1)---SA---

value =

     6


nodes =

     6     4     5     2     1     3


t =

    0.5430

---ILS---

value =

     6


nodes =

     6     5     3     2     1     4


t =

    0.0015

(2, 2)---SA---

value =

     6


nodes =

     4     6     5     1     3     2


t =

    0.5360

---ILS---

value =

     6


nodes =

     5     4     3     2     1     6


t =

    0.0013

(2, 3)---SA---

value =

     6


nodes =

     4     5     6     2     3     1


t =

    0.5350

---ILS---

value =

     6


nodes =

     6     5     4     3     1     2


t =

   9.2000e-04

(2, 4)---SA---

value =

     6


nodes =

     4     6     2     1     5     3


t =

    0.5449

---ILS---

value =

     6


nodes =

     5     4     3     2     1     6


t =

    0.0014

(2, 5)---SA---

value =

     6


nodes =

     6     1     4     2     5     3


t =

    0.5319

---ILS---

value =

     6


nodes =

     6     5     3     2     1     4


t =

    0.0013

(2, 6)---SA---

value =

     6


nodes =

     3     1     6     5     4     2


t =

    0.5347

---ILS---

value =

     6


nodes =

     6     5     4     3     1     2


t =

    0.0013

(2, 7)---SA---

value =

     6


nodes =

     6     2     3     1     4     5


t =

    0.5504

---ILS---

value =

     6


nodes =

     6     5     4     3     2     1


t =

    0.0012

(2, 8)---SA---

value =

     6


nodes =

     2     1     5     6     4     3


t =

    0.5451

---ILS---

value =

     6


nodes =

     6     5     3     2     1     4


t =

    0.0014

(2, 9)---SA---

value =

     6


nodes =

     6     1     2     5     3     4


t =

    0.5439

---ILS---

value =

     6


nodes =

     6     5     3     2     1     4


t =

    0.0012

(2, 10)---SA---

value =

     6


nodes =

     5     4     1     2     6     3


t =

    0.5541

---ILS---

value =

     6


nodes =

     6     4     3     2     1     5


t =

    0.0013

(3, 1)---SA---

value =

     5


nodes =

     6     7     1     3     4


t =

    0.5764

---ILS---

value =

     5


nodes =

     7     6     3     1     4


t =

    0.0012

(3, 2)---SA---

value =

     5


nodes =

     4     3     6     7     1


t =

    0.4884

---ILS---

value =

     5


nodes =

     7     4     3     1     6


t =

   8.9600e-04

(3, 3)---SA---

value =

     5


nodes =

     1     4     7     6     3


t =

    0.4938

---ILS---

value =

     5


nodes =

     6     4     3     1     7


t =

   5.7800e-04

(3, 4)---SA---

value =

     5


nodes =

     7     3     4     1     6


t =

    0.4879

---ILS---

value =

     5


nodes =

     7     6     3     1     4


t =

   6.4000e-04

(3, 5)---SA---

value =

     5


nodes =

     3     6     4     7     1


t =

    0.4883

---ILS---

value =

     5


nodes =

     6     4     3     1     7


t =

   5.2200e-04

(3, 6)---SA---

value =

     5


nodes =

     6     1     7     3     4


t =

    0.4838

---ILS---

value =

     5


nodes =

     7     6     3     1     4


t =

   7.5900e-04

(3, 7)---SA---

value =

     5


nodes =

     7     3     4     1     6


t =

    0.4888

---ILS---

value =

     5


nodes =

     6     4     3     1     7


t =

   4.8300e-04

(3, 8)---SA---

value =

     5


nodes =

     3     4     1     6     7


t =

    0.5030

---ILS---

value =

     5


nodes =

     7     6     3     1     4


t =

   6.1100e-04

(3, 9)---SA---

value =

     5


nodes =

     3     4     6     1     7


t =

    0.4974

---ILS---

value =

     5


nodes =

     6     4     3     1     7


t =

   6.5500e-04

(3, 10)---SA---

value =

     5


nodes =

     7     6     3     4     1


t =

    0.4972

---ILS---

value =

     5


nodes =

     7     4     3     1     6


t =

   8.6000e-04

(4, 1)---SA---

value =

     4


nodes =

     3     1     4     2


t =

    0.4902

---ILS---

value =

     4


nodes =

     3     2     1     4


t =

   3.8600e-04

(4, 2)---SA---

value =

     4


nodes =

     4     1     3     2


t =

    0.4697

---ILS---

value =

     4


nodes =

     4     3     2     1


t =

   4.1600e-04

(4, 3)---SA---

value =

     4


nodes =

     1     3     4     2


t =

    0.4772

---ILS---

value =

     4


nodes =

     3     2     1     4


t =

   3.4800e-04

(4, 4)---SA---

value =

     4


nodes =

     2     4     1     3


t =

    0.4681

---ILS---

value =

     4


nodes =

     3     2     1     4


t =

   4.5900e-04

(4, 5)---SA---

value =

     4


nodes =

     1     2     3     4


t =

    0.4744

---ILS---

value =

     4


nodes =

     4     2     1     3


t =

   3.7800e-04

(4, 6)---SA---

value =

     4


nodes =

     1     4     3     2


t =

    0.4704

---ILS---

value =

     4


nodes =

     4     2     1     3


t =

   4.9200e-04

(4, 7)---SA---

value =

     4


nodes =

     3     1     4     2


t =

    0.4753

---ILS---

value =

     4


nodes =

     3     2     1     4


t =

   5.7500e-04

(4, 8)---SA---

value =

     4


nodes =

     2     1     4     3


t =

    0.4720

---ILS---

value =

     4


nodes =

     4     3     1     2


t =

   4.0200e-04

(4, 9)---SA---

value =

     4


nodes =

     1     3     2     4


t =

    0.4720

---ILS---

value =

     4


nodes =

     4     3     1     2


t =

   4.6100e-04

(4, 10)---SA---

value =

     4


nodes =

     2     1     3     4


t =

    0.4744

---ILS---

value =

     4


nodes =

     3     2     1     4


t =

   4.6600e-04

save("result03.mat", "result")
diary off
